TRADEDATE,CLOSE,VOLUME,VALUE
2022-09-21,120.23,136625430,16327145213.9
2022-09-22,124.31,117479960,14562188054.0
2022-09-23,119.39,85906070,10311649883.2
2022-09-26,107.06,148638170,16617787749.1
2022-09-27,112.92,90981060,10025188385.2
2022-09-28,111.06,77969660,8720766869.9
2022-09-29,110.41,67487760,7411211658.2
2022-09-30,110.21,133569040,14569420124.9
2022-10-03,114.35,73960960,8280923624.7
2022-10-04,110.55,83564680,9371218814.4
2022-10-05,108.51,90416920,9776634296.1
2022-10-06,108.24,51741480,5630301035.4
2022-10-07,101.5,90989490,9560941533.5
2022-10-10,106.71,117465350,12100541809.1
2022-10-11,107.72,76962080,8212972233.2
2022-10-12,105.9,63378400,6748220830.6
2022-10-13,106.5,46849810,4973132486.8
2022-10-14,107.78,52565400,5631814421.3
2022-10-17,112.44,78496550,8680124454.5
2022-10-18,110.88,101854810,11468880403.2
2022-10-19,112.39,90693010,10047779304.8
2022-10-20,116.98,100723600,11611619802.2
2022-10-21,119.45,102382050,11996337348.7
2022-10-24,118.8,74539310,8899628781.0
2022-10-25,124.36,114156750,13988406291.3
2022-10-26,124.43,108495360,13490587416.3
2022-10-27,126.61,87915140,11099070231.0
2022-10-28,126.97,73660000,9289876913.2
2022-10-31,126.72,60762870,7705148783.6
2022-11-01,127.05,36820880,4678424679.9
2022-11-02,125.49,40216620,5091797153.1
2022-11-03,125.75,47720130,5968383629.5
2022-11-07,132.0,91709630,11884172361.2
2022-11-08,131.29,69556040,9132676225.5
2022-11-09,127.3,64961510,8392114411.7
2022-11-10,136.68,171748310,22986670666.3
2022-11-11,136.98,75710240,10343394282.0
2022-11-14,139.8,82521030,11457421132.4
2022-11-15,135.66,145543250,19905669470.0
2022-11-16,139.18,67090170,9275650502.9
2022-11-17,137.57,59160240,8183196558.2
2022-11-18,136.89,44076540,6017150012.2
2022-11-21,134.46,83599930,11204179692.7
2022-11-22,135.65,45822990,6185848298.4
2022-11-23,136.59,52302020,7131237802.3
2022-11-24,136.61,42388720,5825797012.7
2022-11-25,136.53,29618830,4032240523.4
2022-11-28,135.53,45275110,6119857086.1
2022-11-29,136.37,31648090,4322432923.7
2022-11-30,136.78,26816190,3645274279.8
2022-12-01,137.15,33056500,4528220086.5
2022-12-02,136.66,19261670,2631801491.3
2022-12-05,142.0,103930500,14626342206.0
2022-12-06,140.61,51823300,7320200569.4
2022-12-07,142.32,69885670,9820959841.6
2022-12-08,139.92,64056510,9051030863.8
2022-12-09,140.03,29441490,4121787838.9
2022-12-12,139.48,33477470,4674567348.3
2022-12-13,138.13,52200510,7204347001.0
2022-12-14,137.3,34074890,4682726701.5
2022-12-15,134.55,54791650,7425601043.9
2022-12-16,135.45,32802120,4438893679.0
2022-12-19,134.64,58826130,7922461200.5
2022-12-20,138.28,45017120,6164921383.7
2022-12-21,137.75,45542340,6272681336.7
2022-12-22,137.69,30562140,4219452712.4
2022-12-23,137.94,22908110,3151110861.8
2022-12-26,140.95,49379370,6912819148.3
2022-12-27,139.9,41654530,5856965521.6
2022-12-28,139.51,28045010,3911970512.0
2022-12-29,140.96,32059860,4513089042.4
2022-12-30,141.15,28175080,3968971100.4
2023-01-03,141.78,21098550,3000247965.4
2023-01-04,141.43,17112740,2419428972.3
2023-01-05,141.27,17245300,2435171391.9
2023-01-06,141.4,10657600,1504730792.2
2023-01-09,142.4,31449160,4480148303.4
2023-01-10,142.81,23718180,3368938055.0
2023-01-11,149.96,123147040,18097145617.6
2023-01-12,149.3,46789300,6982668294.2
2023-01-13,151.69,88520210,13374657598.8
2023-01-16,153.71,51753920,7920014161.8
2023-01-17,150.45,84404770,12790444010.5
2023-01-18,151.47,67511970,10235015056.8
2023-01-19,149.34,66813960,10027708961.8
2023-01-20,151.38,44254820,6633881321.1
2023-01-23,153.5,55198870,8453400896.7
2023-01-24,152.66,78734130,12126204920.9
2023-01-25,152.81,43376700,6613609683.1
2023-01-26,152.4,45513320,6966980467.7
2023-01-27,153.2,34123690,5213964676.6
2023-01-30,153.38,31105220,4760702156.6
2023-01-31,158.07,77890320,12127748512.5
2023-02-01,158.29,66332200,10480709146.9
2023-02-02,159.45,53866380,8572049477.0
2023-02-03,161.26,63735330,10193999216.9
2023-02-06,167.09,89083530,14666403495.3
2023-02-07,165.39,92661570,15345906260.6
2023-02-08,164.15,58669030,9652989000.6
2023-02-09,165.31,107139220,17608882957.8
2023-02-10,165.52,40924680,6774229866.8
2023-02-13,164.32,36212200,5995183185.7
2023-02-14,161.86,58832960,9574244266.6
2023-02-15,156.25,113804160,17992861042.9
2023-02-16,158.22,68549280,10824261902.6
2023-02-17,159.73,52179940,8295150283.0
2023-02-20,160.09,63971610,10151613700.1
2023-02-21,164.15,127422480,20810057510.7
2023-02-22,163.37,43772430,7150966488.1
2023-02-24,164.3,37727230,6199625787.6
2023-02-27,169.95,100133280,16780738615.2
2023-02-28,169.82,80748140,13727277947.9
2023-03-01,170.53,53784730,9167860118.1
2023-03-02,168.05,86095640,14517746431.3
2023-03-03,171.16,49566770,8415476818.0
2023-03-06,171.84,64585290,11111583412.4
2023-03-07,174.01,55287380,9555925415.8
2023-03-09,172.55,80393110,13943157257.4
2023-03-10,172.53,50256970,8636905460.0
2023-03-13,172.15,74032280,12709525433.5
2023-03-14,175.71,89325670,15601317280.3
2023-03-15,175.3,79930290,14010359713.1
2023-03-16,175.45,51534160,8999771334.6
2023-03-17,193.59,388164850,72487640689.1
2023-03-20,203.73,156714250,31309861829.0
2023-03-21,203.32,122583960,25112540900.7
2023-03-22,202.89,57568140,11679333494.7
2023-03-23,202.58,26650230,5415399866.5
2023-03-24,203.57,24325540,4939230840.9
2023-03-27,211.84,101521380,21191264384.4
2023-03-28,214.03,73901050,15726501741.8
2023-03-29,217.99,96682530,20980171180.8
2023-03-30,216.87,40886950,8884287057.7
2023-03-31,216.6,88081360,18878992953.8
2023-04-03,216.09,55175630,11951820883.8
2023-04-04,214.83,45803380,9882799399.6
2023-04-05,216.15,46177490,9891663991.7
2023-04-06,214.25,39061450,8425126719.9
2023-04-07,216.27,29198130,6286417581.4
2023-04-10,222.21,85196000,18737869518.4
2023-04-11,218.6,98538370,21743759463.1
2023-04-12,219.22,44767540,9773616806.2
2023-04-13,219.85,32672160,7159179734.3
2023-04-14,221.87,43316040,9554306584.3
2023-04-17,228.1,78797270,17756638468.9
2023-04-18,232.66,97770120,22454901978.8
2023-04-19,232.95,115713300,27097765520.1
2023-04-20,236.28,85093750,19879696925.7
2023-04-21,235.17,115905760,27370731655.4
2023-04-24,235.1,30536770,7185358111.2
2023-04-25,235.3,32187450,7565048264.5
2023-04-26,235.21,24430320,5751047264.4
2023-04-27,240.38,68311610,16307607839.2
2023-04-28,240.38,49583350,11892356487.7
2023-05-02,242.62,83957810,20364151649.6
2023-05-03,235.77,76827180,18372320194.5
2023-05-04,238.89,53079590,12637521165.2
2023-05-05,237.7,61366140,14683897982.1
2023-05-08,238.27,47865890,11420605923.6
2023-05-10,227.06,156874740,34751930179.7
2023-05-11,229.32,197302410,45532596380.3
2023-05-12,229.29,70528170,16140281925.4
2023-05-15,231.7,49090190,11295223379.6
2023-05-16,230.62,36613690,8446678565.3
2023-05-17,230.55,31770380,7300922562.3
2023-05-18,231.7,56228190,13063333221.1
2023-05-19,231.27,31639980,7309847108.3
2023-05-22,231.0,26487190,6122461335.3
2023-05-23,236.43,63010540,14730893977.2
2023-05-24,246.06,86011970,20714536176.6
2023-05-25,243.76,70882360,17342598158.4
2023-05-26,248.1,69202730,17064289810.3
2023-05-29,251.18,67999610,17017721478.8
2023-05-30,244.65,83533260,20681901312.6
2023-05-31,246.17,72912500,17794062792.6
2023-06-01,241.66,52046910,12670513593.5
2023-06-02,243.95,46542940,11331232122.6
2023-06-05,237.12,78742190,18897132269.5
2023-06-06,240.91,100640180,23816658058.8
2023-06-07,241.25,63130930,15268682081.7
2023-06-08,241.77,29945470,7222971807.9
2023-06-09,240.4,27569100,6659895379.3
2023-06-13,244.33,40551890,9863948131.0
2023-06-14,244.6,52205640,12822239153.4
2023-06-15,245.18,40063590,9807475223.8
2023-06-16,243.87,23441160,5729888135.6
2023-06-19,242.28,29844240,7239082414.0
2023-06-20,241.74,36621960,8820107717.8
2023-06-21,242.2,26830770,6509866591.4
2023-06-22,240.66,23136750,5590904541.9
2023-06-23,235.67,61886110,14736944961.5
2023-06-26,238.4,82016390,19509065518.1
2023-06-27,241.21,51466410,12350836600.0
2023-06-28,239.67,28310570,6793968901.0
2023-06-29,239.99,28192150,6771141228.4
2023-06-30,239.61,24051460,5759887900.0
2023-07-03,243.33,47333310,11469844958.6
2023-07-04,240.7,41561500,10055387487.4
2023-07-05,240.95,19972080,4814047501.4
2023-07-06,240.96,23260340,5618736214.0
2023-07-07,243.67,30275210,7332444797.9
2023-07-10,249.4,65076680,16071729444.1
2023-07-11,247.99,49590820,12299322430.2
2023-07-12,247.52,39316540,9753032391.9
2023-07-13,246.19,29561460,7288359089.4
2023-07-14,246.45,25661560,6311038243.1
2023-07-17,245.39,36193390,8878816493.1
2023-07-18,246.77,36008340,8881118332.9
2023-07-19,245.85,31451760,7752930513.8
2023-07-20,242.7,36027010,8801178563.7
2023-07-21,244.13,32271770,7857419374.2
2023-07-24,244.87,19769440,4841185545.1
2023-07-25,247.2,39733390,9802524256.7
2023-07-26,247.05,26119270,6452766655.3
2023-07-27,247.95,39793470,9888953807.4
2023-07-28,249.25,35776620,8882595853.3
2023-07-31,267.4,167914420,43588329451.2
2023-08-01,268.5,162988910,43867907028.7
2023-08-02,268.57,48418320,12994793534.9
2023-08-03,269.11,75757120,20410042951.8
2023-08-04,264.12,132212230,35356837729.0
2023-08-07,261.92,61531090,16298932253.3
2023-08-08,264.62,65114820,17041697177.0
2023-08-09,263.91,34994150,9249536249.7
2023-08-10,266.91,37292060,9917152046.2
2023-08-11,266.23,24846460,6609842078.6
2023-08-14,260.45,86724810,22902790188.0
2023-08-15,260.42,59232630,15503423730.3
2023-08-16,256.02,71823620,18480740234.3
2023-08-17,258.5,35937920,9242381700.9
2023-08-18,261.14,31064600,8050824110.9
2023-08-21,261.15,35766040,9346055970.9
2023-08-22,261.45,25953320,6769122940.9
2023-08-23,256.4,53116160,13720905467.1
2023-08-24,259.63,26979270,6959479100.0
2023-08-25,260.5,28575150,7426717866.2
2023-08-28,266.93,57897070,15334069568.9
2023-08-29,265.68,35407330,9425505447.3
2023-08-30,264.7,38604380,10237031481.4
2023-08-31,264.85,22582290,5993343768.2
2023-09-01,265.0,19265170,5100561546.5
2023-09-04,267.39,48140770,12877036020.6
2023-09-05,264.75,39811860,10571300705.4
2023-09-06,263.5,28341890,7464966620.5
2023-09-07,258.79,67688600,17586948788.7
2023-09-08,255.68,49562810,12703139529.3
2023-09-11,256.25,43282460,11118810652.0
2023-09-12,262.4,45160820,11734500325.7
2023-09-13,258.18,30051360,7819067326.6
2023-09-14,260.0,46227900,11926823552.1
2023-09-15,260.83,35581630,9278013469.0
2023-09-18,259.07,29037560,7570774955.6
2023-09-19,252.72,89551540,22788038781.3
2023-09-20,253.77,66831270,16916624771.2
